Webots Project File version R2020a
perspectives: 000000ff00000000fd00000004000000000000030000000557fc0100000001fb0000001a0044006f00630075006d0065006e0074006100740069006f006e0000000000ffffffff0000006900ffffff00000001000000fd000004dcfc0200000001fb0000001400540065007800740045006400690074006f00720100000015000004dc0000004100ffffff00000002000003ff00000271fc0100000001fb0000001e00480074006d006c0052006f0062006f007400570069006e0064006f00770000000000000003ff00000000000000000000000300000a0000000082fc0100000001fb0000000e0043006f006e0073006f006c0065010000000000000a000000006900ffffff00000901000004dc00000001000000020000000100000008fc00000000
simulationViewPerspectives: 000000ff000000010000000200000100000007e20100000002010000000100
sceneTreePerspectives: 000000ff000000010000000200000412000000fa0100000002010000000200
maximizedDockId: -1
centralWidgetVisible: 1
selectionDisabled: 0
viewpointLocked: 0
orthographicViewHeight: 1
textFiles: -1
renderingDevicePerspectives: Annoy Drone:camera;1;0.555556;0;0
renderingDevicePerspectives: Annoy Drone:display;0;0.555556;0;0
